calibration_time: "jeu. 09 déc. 2021 11:00:50"
image_width: 1920
image_height: 1080
flags: 0
camera_matrix:
   rows: 3
   cols: 3
   dt: d
   data: [ 2.1350778486181148e+03, 0., 9.2652364406960771e+02, 0.,
       2.1283374644857968e+03, 7.8728322028889124e+02, 0., 0., 1. ]
distortion_coefficients:
   rows: 1
   cols: 5
   dt: d
   data: [ -1.7616095189190106e-01, -3.3744877742702384e+00,
       -1.3629572705493504e-03, -1.1172056750799457e-03,
       1.6840033304169726e+01 ]
avg_reprojection_error: 3.7696360591311201e-01