width: 1280
height: 720
camera_name: camera
camera_matrix:
  rows: 3
  cols: 3
  data: [913.706298828125, 0.0, 646.2576293945312, 0.0, 913.7500610351562, 350.009765625, 0.0, 0.0, 1.0]
distortion_model: plumb_bob
distortion_coefficients:
  rows: 1
  cols: 5
  data: [0.17184299230575562, -0.5191123485565186, 0, 0, 0]  # tangential distortion not supported by wolf
rectification_matrix:
  rows: 3
  cols: 3
  data: [1.0, 0.0, 0.0, 0.0, 1.0, 0.0, 0.0, 0.0, 1.0]
projection_matrix:
  rows: 3
  cols: 4
  data: [913.706298828125, 0.0, 646.2576293945312, 0.0, 0.0, 913.7500610351562, 350.009765625, 0.0, 0.0, 0.0, 1.0, 0.0]